1925
2455
4952
9518
6094
695
9510
7900
1700
948
5747
6386
6665
4419
5225
63
9705
7290
5173
3458
1119
5775
6610
4234
4100
5094
2102
4700
4929
5367
5827
5468
6847
6152
4066
7143
5192
9031
5556
5271
6
2047
3138
7512
5513
675
7265
6293
9576
6176
7861
3519
5699
4766
8225
3973
7123
2267
3804
9709
2151
7678
2121
9926
8506
4870
1511
7742
7714
9694
4597
5295
3145
7132
9606
8158
2667
6933
9363
6800
8946
3483
1088
8556
4093
737
852
9343
6609
8683
1550
900
4721
5970
8923
4765
4513
4145
6924
6359
2219
5593
4213
4198
7191
3546
6096
6653
4758
1485
730
6127
6771
4959
9022
7754
2736
3277
3849
2301
6914
6744
7504
3648
1128
1138
7599
3821
7608
4862
2481
5989
7980
8849
7852
3422
6932
1890
4828
7436
5706
458
7601
7763
1594
8054
2210
4627
5221
1605
3475
5003
8342
5288
9441
3114
521
8064
7712
7883
154
5520
4645
9571
9276
2067
2185
9541
5430
3000
8569
7527
4807
901
3985
4782
2456
3032
810
1895
6612
163
4081
5553
3513
9195
3182
8807
5446
7000
7060
2508
6968
2386
7892
2446
9872
3966
8143
5467
1770
4202
2401
1876
1264
5753
6826
447
1885
343
309
9794
5121
4328
1587
8241
4954
2876
7343
142
9404
4323
1423
412
1609
9021
3737
3925
921
7739
9148
5901
6845
2464
9375
981
6595
1267
133
8363
6990
5801
9096
7033
7230
1102
171
8446
3603
1997
7730
618
8573
8589
7842
7163
7337
1238
4301
9757
5319
1366
4641
4139
2344
1500
3703
1958
3063
1569
5577
2579
880
2098
6089
2831
4652
1702
6656
4601
5725
5928
2045
6146
4426
4272
6606
3862
4400
427
5110
6786
8056
8756
614
3120
765
3721
569
9730
3157
6013
3216
262
769
331
9028
4414
3798
155
4348
9231
2723
5652
8322
4923
4872
8834
8113
9155
2296
943
1042
532
4535
3899
8630
7603
2745
3780
5451
156
5876
5809
8759
1725
1432
4033
8372
371
9401
550
7288
5127
6869
2371
9470
3154
7029
1764
2234
4102
7238
5795
4015
7734
7552
3772
3356
5160
6806
4942
4763
7704
8474
3884
4788
1094
1257
4483
1176
774
4010
4524
2085
7008
4651
710
1657
454
2118
1862
1683
9052
9130
286
2042
7860
3851
7715
9853
4934
126
9711
1567
8189
398
6922
8140
6807
6814
6021
3743
9435
9228
1600
3770
7794
3745
9116
8014
5791
6064
6141
3746
7813
2079
4155
606
4932
5675
3341
2969
8826
8129
8111
2569
9862
871
3198
1331
5009
1449
1236
8705
3493
8677
4845
9438
5997
1659
6186
9643
5903
5812
6385
4802
6183
6956
5579
9535
5387
1215
8443
989
6287
5963
6037
5773
6527
3447
3901
9805
4047
6209
4990
5016
254
9285
2938
5305
7733
9400
778
72
6442
2413
8229
534
1070
7918
7245
7647
6061
834
2405
881
1704
4077
5848
3769
966
269
6590
4211
1399
1541
2808
1778
6009
